(
AY656744.1:0.20896,
CM023446.1:0.05970,
MW916023.1:0.01493);
