(
Shih_Tzu:0.20896,
Golden_Retriever:0.05970,
Unknown_MW916023.1:0.01493);
